
精讲精练：
	目录      7
	马原      11
1 马克思主义是关于无产阶级和人类解放的科学		12		15      9       32
2 世界的物质性及发展规律						16		36      10      33
3 实践与认识及其发展规律						38		53      18      39
4 人类社会及其发展规律							54		69      21      44
5 资本主义的本质及规律							70		90      23      48
6 资本主义的发展及其趋势						91		102     30      52
7 社会主义的发展及其规律						103		110     31      56
8 共产主义崇高理想及其最终实现					111		114     32      59


不就是语法和长难句：
    前言      4
    导学      8
    目录      16
1 简单句                   20
2 并列句                   83
3 名词/短语和名词性从句    104
4 定语和定语从句           135
5 状语状语从句             179
6 英语的特殊结构           216
1 语法何惧                 246
2 长难不难                 262
3 尽收囊中                 279
4 彻底搞定                 289




































